9.990183428609072962e+02
9.636276376376239341e+02
9.171825354560210144e+02
8.666834228071459165e+02
8.163428671542461643e+02
7.683246362596737526e+02
7.235754186194639033e+02
6.823807786994927937e+02
6.446889701617485571e+02
6.102892655065165854e+02
5.789071173375076569e+02
5.502534475597351502e+02
5.240490480293417477e+02
5.000356345224621464e+02
4.779798539842090577e+02
4.576736739751011669e+02
4.389330140320827809e+02
4.215956191727742635e+02
4.055187038298192874e+02
3.905766352868677700e+02
3.766587839279650325e+02
3.636675910147769741e+02
3.515168643398969834e+02
3.401302918457444662e+02
3.294401541097172412e+02
3.193862133951870419e+02
3.099147568975616878e+02
3.009777732772526520e+02
2.925322436847368976e+02
2.845395307715091349e+02
2.769648513996944530e+02
2.697768207969367040e+02
2.629470577078793099e+02
2.564498416631850546e+02
2.502618148348953184e+02
2.443617220948461579e+02
2.387301838653640687e+02
2.333494971727270979e+02
2.282034610061902811e+02
2.232772226685539465e+02
2.185571422955171670e+02
2.140306731351246015e+02
2.096862555279677451e+02
2.055132228239311303e+02
2.015017177209837484e+02
1.976426177231460315e+02
1.939274685944566841e+02
1.903484248386232593e+02
1.868981963643332733e+02
1.835700006074831663e+02
1.803575194768152983e+02
1.772548605711225775e+02
1.742565221863549993e+02
1.713573616913892579e+02
1.685525669033551139e+02
1.658376301384777207e+02
1.632083246534360512e+02
1.606606832261111322e+02
1.581909786540607286e+02
1.557957059747130018e+02
1.534715662336728315e+02
1.512154516471115926e+02
1.490244320213634808e+02
1.468957423078987858e+02
1.448267711850677131e+02
1.428150505696526125e+02
1.408582459715304651e+02
1.389541476138153939e+02
1.371006622488701794e+02
1.352958056076806486e+02
1.335376954263916502e+02
1.318245449994034004e+02
1.301546572134123494e+02
1.285264190212206188e+02
1.269382963181028998e+02
1.253888291870579224e+02
1.238766274824426006e+02
1.224003667243218274e+02
1.209587842784154645e+02
1.195506757988070916e+02
1.181748919126369657e+02
1.168303351278511997e+02
1.155159569467463712e+02
1.142307551695549819e+02
1.129737713736747082e+02
1.117440885553754555e+02
1.105408289219294460e+02
1.093631518231188551e+02
1.082102518119900338e+02
1.070813568255538399e+02
1.059757264768866918e+02
1.048926504507745250e+02
1.038314469956658996e+02
1.027914615052729346e+02
1.017720651836768440e+02
1.007726537882719100e+02
9.979264644531478723e+01
9.883148453324346860e+01
9.788863062929519288e+01
