2.986166967171766942e+02
3.139906827027277814e+02
3.268568946331828329e+02
3.375650110232538736e+02
3.465072787480506236e+02
3.540284805931896699e+02
3.604086985843018738e+02
3.658689317803461449e+02
3.705820225400043455e+02
3.746832157913896708e+02
3.782788698896177380e+02
3.814532310914528921e+02
3.842735778823646910e+02
3.867940955077232843e+02
3.890587930123388105e+02
3.911037076365008716e+02
3.929585806104147423e+02
3.946481401802394657e+02
3.961930914563320698e+02
3.976108860724087890e+02
3.989163253138046912e+02
4.001220363635424064e+02
4.012388511463070699e+02
4.022761098403020696e+02
4.032419056977520313e+02
4.041432838120908286e+02
4.049864034990163191e+02
4.057802235040492747e+02
4.065274604846828197e+02
4.072305020377433493e+02
4.078931178526853500e+02
4.085186646053936670e+02
4.091101405393591222e+02
4.096702316829610595e+02
4.102013511493708506e+02
4.107056726887440163e+02
4.111851594432811794e+02
4.116415886814375540e+02
4.120786588796671595e+02
4.124977330166566389e+02
4.128979960133548843e+02
4.132806789535031271e+02
4.136469083904316903e+02
4.139977171532464126e+02
4.143340538461959568e+02
4.146567912210895770e+02
4.149667335750166330e+02
4.152646233026564460e+02
4.155511467133164842e+02
4.158269392068015122e+02
4.160925898887548442e+02
4.163486456947693455e+02
4.165956150829791795e+02
4.168339713467199772e+02
4.170641555919386292e+02
4.172865794181474257e+02
4.175016273366870792e+02
4.177096589557510242e+02
4.179110109579222581e+02
4.181059988927814857e+02
4.182949188043965023e+02
4.184780487111187881e+02
4.186556499530481688e+02
4.188279684207328728e+02
4.189952356771098607e+02
4.191576699833246948e+02
4.193154772378812254e+02
4.194688518375241983e+02
4.196179774673425982e+02
4.197630278267768631e+02
4.199041672975008055e+02
4.200415515585242474e+02
4.201753281533103745e+02
4.203056370132072743e+02
4.204326109410660592e+02
4.205563760585229716e+02
4.206770522200884557e+02
4.207947533968749099e+02
4.209095880325245389e+02
4.210216593736543587e+02
4.211310657769190016e+02
4.212379009945939288e+02
4.213422544404115797e+02
4.214442114372198489e+02
4.215438534478961401e+02
4.216412582908206446e+02
4.217365003410973259e+02
4.218296507186108215e+02
4.219207774639089621e+02
4.220099457028215397e+02
4.220972178006455238e+02
4.221826535066597330e+02
4.222663100896676838e+02
4.223482424652111149e+02
4.224285033150455888e+02
4.225071431994185787e+02
4.225842106626525947e+02
4.226597523324930989e+02
4.227338130136458858e+02
