2.328483809808935803e+02
2.422781905778949749e+02
2.495030689240242339e+02
2.550354999492924719e+02
2.593180058878306795e+02
2.626826521037865518e+02
2.653680835385144405e+02
2.675442867371689317e+02
2.693329832680006461e+02
2.708223280850579613e+02
2.720770500323033616e+02
2.731453668174185623e+02
2.740637108556379076e+02
2.748599870319835645e+02
2.755558446638977443e+02
2.761682824402230381e+02
2.767107971760219129e+02
2.771942167859759252e+02
2.776273119039160520e+02
2.780172503825170907e+02
2.783699388947204056e+02
2.786902824507793639e+02
2.789823835589132841e+02
2.792496965283986583e+02
2.794951480938684654e+02
2.797212325096460859e+02
2.799300871146083978e+02
2.801235528288138426e+02
2.803032229291749218e+02
2.804704826375281641e+02
2.806265414543057659e+02
2.807724597246158851e+02
2.809091705887506123e+02
2.810374982160587933e+02
2.811581730283646721e+02
2.812718444712431847e+02
2.813790917772516309e+02
2.814804330764234237e+02
2.815763331398659375e+02
2.816672099876377047e+02
2.817534405488185030e+02
2.818353655272510991e+02
2.819132935988955069e+02
2.819875050445937745e+02
2.820582549041582752e+02
2.821257757231805385e+02
2.821902799521301404e+02
2.822519620476267050e+02
2.823110003178114766e+02
2.823675585471757472e+02
2.824217874307673810e+02
2.824738258431740405e+02
2.825238019639111826e+02
2.825718342776867757e+02
2.826180324653659000e+02
2.826624981992231938e+02
2.827053258541886294e+02
2.827466031451918980e+02
2.827864116993526977e+02
2.828248275706090453e+02
2.828619217033840414e+02
2.828977603510488166e+02
2.829324054542074691e+02
2.829659149832088474e+02
2.829983432487457549e+02
2.830297411839391089e+02
2.830601566008959367e+02
2.830896344243825524e+02
2.831182169049453705e+02
2.831459438135462960e+02
2.831728526195480526e+02
2.831989786536763063e+02
2.832243552574128103e+02
2.832490139201101442e+02
2.832729844049859480e+02
2.832962948650274484e+02
2.833189719497331112e+02
2.833410409035215594e+02
2.833625256565524637e+02
2.833834489086303847e+02
2.834038322067960962e+02
2.834236960171499504e+02
2.834430597913980705e+02
2.834619420285678189e+02
2.834803603322940262e+02
2.834983314640408025e+02
2.835158713925903839e+02
2.835329953400994327e+02
2.835497178249964918e+02
2.835660527019684309e+02
2.835820131992646225e+02
2.835976119535241082e+02
2.836128610423148757e+02
2.836277720145590706e+02
2.836423559190008064e+02
2.836566233308623168e+02
2.836705843768203863e+02
2.836842487584249284e+02
2.836976257740716392e+02
