3.241425301157480590e+02 2.564023790385821258e+02 -1.046379579863021718e+03
3.245380224828817859e+02 2.568166457201057256e+02 -9.216377005904083717e+02
3.248663636979386524e+02 2.571335002998879986e+02 -8.179541367729040076e+02
3.251383338887353602e+02 2.573720873890632106e+02 -7.320729822582233055e+02
3.253646487210738769e+02 2.575517343491281963e+02 -6.605971554450584335e+02
3.255544188923473143e+02 2.576879133689062087e+02 -6.006261808365284196e+02
3.257149509557282272e+02 2.577921185966390567e+02 -5.498426667480330252e+02
3.258519743614638173e+02 2.578726734605394313e+02 -5.064378600212023116e+02
3.259699533738106538e+02 2.579355729246357214e+02 -4.690079020410880730e+02
3.260723717010417317e+02 2.579851514043759266e+02 -4.364604155470107116e+02
3.261619627646351773e+02 2.580245683738177718e+02 -4.079399262089431772e+02
3.262408872365316483e+02 2.580561502292639489e+02 -3.827709783570372792e+02
3.263108672333834761e+02 2.580816285696129739e+02 -3.604154957517702655e+02
3.263732870931368666e+02 2.581023063607889867e+02 -3.404409637488375893e+02
3.264292690855029377e+02 2.581191744778042221e+02 -3.224966397571577659e+02
3.264797305253185300e+02 2.581329941335863509e+02 -3.062956710548958199e+02
3.265254271216840039e+02 2.581443557474886461e+02 -2.916015574278827103e+02
3.265669861174964694e+02 2.581537214189771134e+02 -2.782178212684177083e+02
3.266049318193399245e+02 2.581614558891089359e+02 -2.659800596657763663e+02
3.266397054200120351e+02 2.581678493394858265e+02 -2.547497781785718018e+02
3.266716805101779642e+02 2.581731343458329206e+02 -2.444095676381526800e+02
3.267011753096517737e+02 2.581774986040127260e+02 -2.348593014312730816e+02
3.267284623836346213e+02 2.581810945688411607e+02 -2.260131143828928089e+02
3.267537764163252518e+02 2.581840468172430292e+02 -2.177969849884637199e+02
3.267773204727512848e+02 2.581864577187794225e+02 -2.101467869608341061e+02
3.267992710759123156e+02 2.581884118363367406e+02 -2.030067085312028325e+02
3.268197823491211125e+02 2.581899793663077958e+02 -1.963279619686154831e+02
3.268389894155755542e+02 2.581912188464706901e+02 -1.900677236895036231e+02
3.268570112044179723e+02 2.581921793014260516e+02 -1.841882587732939385e+02
3.268739527790952479e+02 2.581929019529566176e+02 -1.786561938678095487e+02
3.268899072795289271e+02 2.581934215915470645e+02 -1.734419102119603338e+02
3.269049575498875697e+02 2.581937676823247898e+02 -1.685190344411170429e+02
3.269191775093257206e+02 2.581939652615623118e+02 -1.638640094242921919e+02
3.269326333113141345e+02 2.581940356670203300e+02 -1.594557309429461327e+02
3.269453843284586583e+02 2.581939971358190178e+02 -1.552752388044109750e+02
3.269574839922644287e+02 2.581938652960531044e+02 -1.513054531712051300e+02
3.269689805121691393e+02 2.581936535727167552e+02 -1.475309486178333884e+02
3.269799174933948507e+02 2.581933735243965771e+02 -1.439377598024397003e+02
3.269903344696607519e+02 2.581930351234660748e+02 -1.405132137401621435e+02
3.270002673642067634e+02 2.581926469902372787e+02 -1.372457845483053518e+02
3.270097488898931601e+02 2.581922165892987664e+02 -1.341249672462460865e+02
3.270188088976586300e+02 2.581917503946953047e+02 -1.311411677713115864e+02
3.270274746807534143e+02 2.581912540293398592e+02 -1.282856068425080025e+02
3.270357712412863975e+02 2.581907323830812970e+02 -1.255502356894849356e+02
3.270437215242448588e+02 2.581901897129199028e+02 -1.229276619803910222e+02
3.270513466235851183e+02 2.581896297283874446e+02 -1.204110845434059343e+02
3.270586659641824667e+02 2.581890556644185040e+02 -1.179942356927081590e+02
3.270656974627964360e+02 2.581884703437515327e+02 -1.156713301493246178e+02
3.270724576709044413e+02 2.581878762304670545e+02 -1.134370196969364031e+02
3.270789619016442202e+02 2.581872754760394741e+02 -1.112863528380901670e+02
3.270852243429591795e+02 2.581866699590519261e+02 -1.092147388214675630e+02
3.270912581585433827e+02 2.581860613194933194e+02 -1.072179154994464056e+02
3.270970755782469723e+02 2.581854509884655613e+02 -1.052919205500593591e+02
3.271026879790669568e+02 2.581848402139485756e+02 -1.034330656609572401e+02
3.271081059578787062e+02 2.581842300831789316e+02 -1.016379133267901409e+02
3.271133393968824521e+02 2.581836215421677707e+02 -9.990325595748382170e+01
3.271183975226518328e+02 2.581830154126859043e+02 -9.822609703406371295e+01
3.271232889593350137e+02 2.581824124071292204e+02 -9.660363408238326599e+01
3.271280217768971283e+02 2.581818131415192852e+02 -9.503324326396318611e+01
3.271326035347475454e+02 2.581812181468949348e+02 -9.351246540805182406e+01
3.271370413213077768e+02 2.581806278792994931e+02 -9.203899333046966547e+01
3.271413417900365630e+02 2.581800427285848514e+02 -9.061066030342780664e+01
3.271455111921658272e+02 2.581794630261220505e+02 -8.922542955652781416e+01
3.271495554065074884e+02 2.581788890516230026e+02 -8.788138470323275442e+01
3.271534799667207949e+02 2.581783210391568559e+02 -8.657672099923037479e+01
3.271572900861938251e+02 2.581777591824268256e+02 -8.530973734976262790e+01
3.271609906807977382e+02 2.581772036394957013e+02 -8.407882899227378459e+01
3.271645863897289246e+02 2.581766545369094388e+02 -8.288248078889731119e+01
3.271680815946912162e+02 2.581761119733761802e+02 -8.171926107041747400e+01
3.271714804374099117e+02 2.581755760230406054e+02 -8.058781597965059973e+01
3.271747868358348228e+02 2.581750467383491241e+02 -7.948686426766921898e+01
3.271780044989865246e+02 2.581745241526348877e+02 -7.841519250128484941e+01
3.271811369406643166e+02 2.581740082823822604e+02 -7.737165064436881323e+01
3.271841874920837654e+02 2.581734991292777863e+02 -7.635514797953798904e+01
3.271871593135834360e+02 2.581729966819705737e+02 -7.536464934003949168e+01
3.271900554053581800e+02 2.581725009177338848e+02 -7.439917162473960843e+01
3.271928786175147366e+02 2.581720118038358578e+02 -7.345778057169285091e+01
3.271956316592596181e+02 2.581715292988484975e+02 -7.253958776829549038e+01
3.271983171075189603e+02 2.581710533537622609e+02 -7.164374787799059163e+01
3.272009374148756251e+02 2.581705839130147524e+02 -7.076945606554559731e+01
3.272034949169690208e+02 2.581701209153612808e+02 -6.991594560446887385e+01
3.272059918393732687e+02 2.581696642947077862e+02 -6.908248565179785317e+01
3.272084303039729889e+02 2.581692139808059210e+02 -6.826837917672399669e+01
3.272108123349274820e+02 2.581687698998974838e+02 -6.747296103085515995e+01
3.272131398642380304e+02 2.581683319752766010e+02 -6.669559614891318233e+01
3.272154147368831900e+02 2.581679001278108672e+02 -6.593567786974959688e+01
3.272176387157000477e+02 2.581674742763580070e+02 -6.519262636839822278e+01
3.272198134858671779e+02 2.581670543382057872e+02 -6.446588719069053752e+01
3.272219406591231063e+02 2.581666402294006275e+02 -6.375492988272515760e+01
3.272240217777458042e+02 2.581662318650870134e+02 -6.305924670809323374e+01
3.272260583181961238e+02 2.581658291597519792e+02 -6.237835144639538498e+01
3.272280516946391913e+02 2.581654320275190457e+02 -6.171177826711154779e+01
3.272300032621597552e+02 2.581650403823351780e+02 -6.105908067336417133e+01
3.272319143198237725e+02 2.581646541381790030e+02 -6.041983051058275578e+01
3.272337861135043227e+02 2.581642732092329311e+02 -5.979361703546371842e+01
3.272356198386419237e+02 2.581638975100225935e+02 -5.918004604100092791e+01
3.272374166426841384e+02 2.581635269555811760e+02 -5.857873903368204793e+01
3.272391776275201778e+02 2.581631614615189960e+02 -5.798933245927962332e+01
3.272409038516988176e+02 2.581628009441679410e+02 -5.741147697389974525e+01
