4.290424260853598071e+00
3.977360221071188473e+00
3.676037090090105153e+00
3.398285426850240931e+00
3.148037732124777222e+00
2.924915787572095915e+00
2.726685926095732349e+00
2.550533921024642936e+00
2.393650277583153407e+00
2.253467318672636388e+00
2.127732262860005275e+00
2.014507710568441912e+00
1.912143152383216194e+00
1.819237641396950433e+00
1.734602488897351691e+00
1.657227506110029891e+00
1.586251850349257309e+00
1.520939448380670633e+00
1.460658539135966327e+00
1.404864751196132522e+00
1.353087138013194357e+00
1.304916654490835271e+00
1.259996634395613935e+00
1.218014902340831984e+00
1.178697220171688764e+00
1.141801823657319748e+00
1.107114851754670504e+00
1.074446508470435546e+00
1.043627827849314071e+00
1.014507937148023231e+00
9.869517329485830714e-01
9.608379007739441535e-01
9.360572214740268127e-01
9.125111178794689248e-01
8.901104034761515571e-01
8.687742015352316605e-01
8.484290085574313078e-01
8.290078803075149327e-01
8.104497223239141013e-01
7.926986697470164156e-01
7.757035437430567226e-01
7.594173738087161007e-01
7.437969769042109824e-01
7.288025857437586685e-01
7.143975197231963170e-01
7.005478929265623877e-01
6.872223544600966072e-01
6.743918570404984214e-01
6.620294503364471117e-01
6.501100960463690459e-01
6.386105021059254039e-01
6.275089737678288815e-01
6.167852795942978528e-01
6.064205306569737663e-01
5.963970714572531806e-01
5.866983812673791654e-01
5.773089847540200381e-01
5.682143708853365505e-01
5.594009192430473565e-01
5.508558329654337227e-01
5.425670776379963867e-01
5.345233255274549622e-01
5.267139046237071520e-01
5.191287520145865253e-01
5.117583711709929872e-01
5.045937927662452749e-01
4.976265386941590707e-01
4.908485889861576856e-01
4.842523513592931761e-01
4.778306331549426744e-01
4.715766154526256360e-01
4.654838291652579896e-01
4.595461329415660434e-01
4.537576927186453002e-01
4.481129627830073847e-01
4.426066682121546081e-01
4.372337885809531310e-01
4.319895428279996730e-01
4.268693751869740982e-01
4.218689420967315917e-01
4.169841000117679441e-01
4.122108940417663625e-01
4.075455473553000751e-01
4.029844512884999119e-01
3.985241561046681258e-01
3.941613623554930390e-01
3.898929127987379450e-01
3.857157848310992510e-01
3.816270833983905209e-01
3.776240343483489026e-01
3.737039781942048111e-01
3.698643642597537196e-01
3.661027451790146436e-01
3.624167717257126831e-01
3.588041879497704256e-01
3.552628265997823109e-01
3.517906048120693074e-01
3.483855200483997328e-01
3.450456462658266776e-01
