3.345487221054785909e+00
3.068968892143666416e+00
2.806067580386623739e+00
2.567456325464497091e+00
2.355918381004106887e+00
2.170233973753505463e+00
2.007652483032995150e+00
1.865096266520843482e+00
1.739666068372635044e+00
1.628813994823573807e+00
1.530371277429356525e+00
1.442518774805744419e+00
1.363739476747906076e+00
1.292769564814822081e+00
1.228554302251819719e+00
1.170210522270148434e+00
1.116995621651147630e+00
1.068282290599995354e+00
1.023538048932675748e+00
9.823087067483861068e-01
9.442049874285517452e-01
9.088916829473403514e-01
8.760788326844263230e-01
8.455145198176730048e-01
8.169789633834522169e-01
7.902796512726111278e-01
7.652473125516038310e-01
7.417260769344743432e-01
7.195879051711906449e-01
6.987186110757910296e-01
6.790132985271967181e-01
6.603782009752874327e-01
6.427292595612942305e-01
6.259909112987456226e-01
6.100950524264969754e-01
5.949801484238015359e-01
5.805904672935903177e-01
5.668754168406251459e-01
5.537861670065979958e-01
5.412810902879265917e-01
5.293247833744586517e-01
5.178821174923701198e-01
5.069208817343553442e-01
4.964114880562441878e-01
4.863267111415919830e-01
4.766414584483811834e-01
4.673325664535443180e-01
4.583786196973779203e-01
4.497597897215573903e-01
4.414576914079851311e-01
4.334552545745529728e-01
4.257366089790777242e-01
4.182869811331208498e-01
4.110926015405189649e-01
4.041406211572621809e-01
3.974190360248753273e-01
3.909166191628266063e-01
3.846228589201244885e-01
3.785279030850621229e-01
3.726225081373803483e-01
3.668979931009856976e-01
3.613461975194252607e-01
3.559594431320260988e-01
3.507304988771307031e-01
3.456525488912134403e-01
3.407191632097158474e-01
3.359242709078930078e-01
3.312621354484682201e-01
3.267273320279521220e-01
3.223147267355642720e-01
3.180194573581847650e-01
3.138369156819865724e-01
3.097627311566530373e-01
3.057927558016119152e-01
3.019230502457299070e-01
2.981498708025991373e-01
2.944696574930671940e-01
2.908790229351534973e-01
2.873747420290856947e-01
2.839537423719726839e-01
2.806130953427131147e-01
2.773500078031928551e-01
2.741618143667174934e-01
2.710459701890371997e-01
2.680000442412773798e-01
2.650217130276697475e-01
2.621087547141991436e-01
2.592590436371945417e-01
2.564705451635320710e-01
2.537413108764983716e-01
2.510694740635284750e-01
2.484532454839949722e-01
2.458909093970045312e-01
2.433808198307818860e-01
2.409213970766921065e-01
2.385111243923001834e-01
2.361485448990873204e-01
2.338322586615624865e-01
2.315609199355324332e-01
