8.735491273039616917e-04 1.005040921352930812e-03
8.395493606536709712e-04 9.558309100660225023e-04
8.152384693189419209e-04 9.182061168904323079e-04
7.975536740588740374e-04 8.890791112806577332e-04
7.843824778136835024e-04 8.661347637035414449e-04
7.743354895002140361e-04 8.477340565853146116e-04
7.664994873826968310e-04 8.327268492100491732e-04
7.602647863672050465e-04 8.202992217447473752e-04
7.552157093125192551e-04 8.098665929419223558e-04
7.510625192473647637e-04 8.010019860806823558e-04
7.475988877997980127e-04 7.933882219949953173e-04
7.446749046853274852e-04 7.867858377847798332e-04
7.421796171589553799e-04 7.810112827790478655e-04
7.400295044630530485e-04 7.759218754517086848e-04
7.381607174694387527e-04 7.714052615962384502e-04
7.365237535705322506e-04 7.673719122063118797e-04
7.350797369522586852e-04 7.637497049531172385e-04
7.337977767301342123e-04 7.604799552911398067e-04
7.326530614192460931e-04 7.575144707768814928e-04
7.316254646794065689e-04 7.548133376442436307e-04
7.306985115117894166e-04 7.523432383067079612e-04
7.298586022134593339e-04 7.500761585830666199e-04
7.290944231145212936e-04 7.479883843316160064e-04
7.283964943514791013e-04 7.460597153510910599e-04
7.277568193480287448e-04 7.442728440653560533e-04
7.271686106022918605e-04 7.426128603922161567e-04
7.266260733049482307e-04 7.410668541141010287e-04
7.261242332032765432e-04 7.396171193567424021e-04
7.256587986196463358e-04 7.382576312118723514e-04
7.252260490558430856e-04 7.369831053867958353e-04
7.248227446551779810e-04 7.357858881757157847e-04
7.244460521502034357e-04 7.346592114460698828e-04
7.240934839317972847e-04 7.335970690052506273e-04
7.237628476311892779e-04 7.325941129944263559e-04
7.234522041778935304e-04 7.316455666444488708e-04
7.231598327318387994e-04 7.307471504720350211e-04
7.228842012221051942e-04 7.298950195730465702e-04
7.226239414829043698e-04 7.290857101230831423e-04
7.223778281783502925e-04 7.283124071893271262e-04
7.221447608648779142e-04 7.275724833810930797e-04
7.219237486640620255e-04 7.268671751807019403e-04
7.217138971167637090e-04 7.261941225027984800e-04
7.215143968677215514e-04 7.255511739899716877e-04
7.213245138923209164e-04 7.249363645377447435e-04
7.211435810276697065e-04 7.243478956509030210e-04
7.209709906108642020e-04 7.237841182250862905e-04
7.208061880604281751e-04 7.232435174125704039e-04
7.206486662639314525e-04 7.227246992847322256e-04
7.204979606569261426e-04 7.222263790479933714e-04
7.203536448965569116e-04 7.217473706068416699e-04
7.202153270482447838e-04 7.212865772981913665e-04
7.200826462163175800e-04 7.208429836469875058e-04
7.199552695598451357e-04 7.204156480144912082e-04
7.198328896436008689e-04 7.200036960287968654e-04
7.197152220813322768e-04 7.196063147024400189e-04
7.196020034346352389e-04 7.192227471549207706e-04
7.194929893358650375e-04 7.188522878689804652e-04
7.193879528078739836e-04 7.184942784188590083e-04
7.192866827570611448e-04 7.181481036167722222e-04
7.191889826193520420e-04 7.178131880307292044e-04
7.190946691414157625e-04 7.174889928326940542e-04
7.190035712817048445e-04 7.171750129411887196e-04
7.189155292178821743e-04 7.168707744268072810e-04
7.188303934488716280e-04 7.165758321529114684e-04
7.187480239812375250e-04 7.162897676270546391e-04
7.186682895908412137e-04 7.160121870415486192e-04
7.185910671518231426e-04 7.157427194840657557e-04
7.185162410258873894e-04 7.154810153013420240e-04
7.184437025056970936e-04 7.152267446009447169e-04
7.183733493068979832e-04 7.149795958777269622e-04
7.183050851039049630e-04 7.147392747530521666e-04
7.182388191051462898e-04 7.145055028161520407e-04
7.181744656639174997e-04 7.142780165581111588e-04
7.181119439214352735e-04 7.140565663899703201e-04
7.180511774790332468e-04 7.138409157373128925e-04
7.179920940967802600e-04 7.136308402044918469e-04
7.179346254160781258e-04 7.134261268023318414e-04
7.178787067040520763e-04 7.132265732337643481e-04
7.178242766177732196e-04 7.130319872323958056e-04
7.177712769865485752e-04 7.128421859494962418e-04
7.177196526106900069e-04 7.126569953853279698e-04
7.176693510753313389e-04 7.124762498611247104e-04
7.176203225780055164e-04 7.122997915283733406e-04
7.175725197688108707e-04 7.121274699123669467e-04
7.175258976021140541e-04 7.119591414872707569e-04
7.174804131988339216e-04 7.117946692801951436e-04
7.174360257184385619e-04 7.116339225019972445e-04
7.173926962398684574e-04 7.114767762027280175e-04
7.173503876506723666e-04 7.113231109498332301e-04
7.173090645437051917e-04 7.111728125273740920e-04
7.172686931207929292e-04 7.110257716546858993e-04
7.172292411028265060e-04 7.108818837230263020e-04
7.171906776457932483e-04 7.107410485488873265e-04
7.171529732622900768e-04 7.106031701427551091e-04
7.171160997481131538e-04 7.104681564922008322e-04
7.170800301135406068e-04 7.103359193582813253e-04
7.170447385189678913e-04 7.102063740843035829e-04
7.170102002145764932e-04 7.100794394160896313e-04
7.169763914837457312e-04 7.099550373329422542e-04
