9.316629168479289547e+02
8.714684160420931676e+02
8.049322235839059658e+02
7.381925635196915891e+02
6.746272342034568510e+02
6.157231552477894638e+02
5.619082881817396355e+02
5.130772118670697637e+02
4.688836160388355552e+02
4.288933733151609431e+02
3.926608491006785471e+02
3.597645013359556856e+02
3.298214109764311388e+02
3.024912036678472873e+02
2.774748679930644357e+02
2.545113355834692186e+02
2.333732879307380870e+02
2.138629138916508339e+02
1.958079521546631270e+02
1.790581505170338517e+02
1.634821714045318970e+02
1.489649238855471651e+02
1.354052813197685907e+02
1.227141371621356996e+02
1.108127520031887059e+02
9.963134875854208872e+01
8.910791796902893225e+01
7.918364862948149607e+01
6.981121195597111750e+01
6.094819778132958277e+01
5.255484377779529837e+01
4.459534815201911329e+01
3.703739826486153675e+01
2.985176344925716307e+01
2.301194234225175705e+01
1.649385661995091823e+01
1.027558432992321968e+01
6.065789858812024704e+00
1.067885576367672229e+01
1.509514311655181018e+01
1.932872993170954601e+01
2.339059117352127259e+01
2.729085127210515793e+01
3.103886376762878285e+01
3.464328231806211988e+01
3.817434954114722245e+01
4.164406054485911568e+01
4.498689666854929214e+01
4.820964000236401148e+01
5.131860149509336111e+01
5.431966082739953094e+01
5.745795928172884715e+01
6.075324317544340147e+01
6.393879224792553373e+01
6.701996946885745388e+01
7.000179579380093742e+01
7.288897685234769597e+01
7.568592718973982869e+01
7.839679231812226590e+01
8.102546880358556791e+01
8.357562258901575092e+01
8.605070572996405076e+01
8.845397170080019578e+01
9.078848941095097302e+01
9.305715605569594118e+01
9.526270891251922990e+01
9.740773618215473562e+01
9.949468696299939552e+01
1.015258804383258280e+02
1.035035143475505492e+02
1.054296728055652466e+02
1.073063335277051920e+02
1.091353745122188741e+02
1.109185802270048384e+02
1.126576473428571461e+02
1.143541900514005363e+02
1.160097450022870049e+02
1.176257758909826805e+02
1.192036777255695768e+02
1.207447807983856904e+02
1.222503543859861708e+02
1.237216101988007182e+02
1.251597055999713177e+02
1.265657466111407246e+02
1.279407907214234967e+02
1.292858495143940445e+02
1.306018911266663167e+02
1.318898425504994520e+02
1.331505917918234445e+02
1.343849898941441552e+02
1.355938528379314789e+02
1.367779633243173407e+02
1.379380724512246843e+02
1.390749012894052896e+02
1.401891423652775757e+02
1.412814610569170100e+02
1.423524969090662466e+02
1.434028648725825974e+02
1.444331564733303708e+02
