6.907662049032749607e+00
6.309932433661679774e+00
5.737438889290736199e+00
5.213250791938152773e+00
4.744326736087724150e+00
4.329125286653486171e+00
3.962629905373119765e+00
3.638881207273052087e+00
3.352093902669600389e+00
3.097078612664711184e+00
2.869347298896514076e+00
2.665085470115047706e+00
2.481075926285183364e+00
2.314611643655252848e+00
2.163413356103588647e+00
2.025557310994615001e+00
1.899414237683866302e+00
1.783598752122937281e+00
1.676927806040088509e+00
1.578386701338292841e+00
1.487101315122001388e+00
1.402315374060061348e+00
1.323371815515469674e+00
1.249697452005630094e+00
1.180790307558761576e+00
1.116209119475640943e+00
1.055564599915234547e+00
9.984995976104354964e-01
9.447158087586022823e-01
8.939469872901344427e-01
8.459492425618012623e-01
8.005040120223303468e-01
7.574148939824779658e-01
7.165049382408273937e-01
6.776143202044295766e-01
6.405983374217903981e-01
6.053256781625029337e-01
5.741947270934621983e-01
5.791710874170268308e-01
5.839431708618003647e-01
5.885288941160460308e-01
5.929387696110914874e-01
5.971825502614523939e-01
6.012692950933332670e-01
6.052074284049206998e-01
6.090047931574051887e-01
6.126686992162881928e-01
6.162059669920281202e-01
6.196229669666493134e-01
6.229256555377256088e-01
6.261196075623973734e-01
6.292100459410516766e-01
6.322018685423270723e-01
6.350996727376176931e-01
6.381128889661084047e-01
6.413446315987761936e-01
6.444779383753522772e-01
6.475172073152426488e-01
6.504665802714494349e-01
6.533299611602335633e-01
6.561110326699763906e-01
6.588132715937323747e-01
6.614399629146591186e-01
6.639942127599921529e-01
6.664789603272643914e-01
6.688969888758449223e-01
6.712509358674679794e-01
6.735433023310365419e-01
6.757764615195415159e-01
6.779526669202962097e-01
6.800740596737602228e-01
6.821426754509323231e-01
6.841604508345621172e-01
6.861292292451873776e-01
6.880507664492013786e-01
6.899267356827460951e-01
6.917587324221539102e-01
6.935482788289077938e-01
6.952968278945983460e-01
6.970057673091183403e-01
6.986764230733093495e-01
7.003100628754480583e-01
7.019078992493061886e-01
7.034710925300170503e-01
7.050007536226268190e-01
7.064979465969762895e-01
7.079636911214369777e-01
7.093989647470116955e-01
7.108047050523811361e-01
7.121818116596370096e-01
7.135311481296722214e-01
7.148535437454949237e-01
7.161497951911008908e-01
7.174206681329395874e-01
7.186668987104896100e-01
7.198891949419536918e-01
7.210882380506449252e-01
7.222646837172199685e-01
7.234191632625335266e-01
