6.242940198063557489e+00
5.653357829370028398e+00
5.089133386631902844e+00
4.572770468469911975e+00
4.110984829284058506e+00
3.702178477480775332e+00
3.341367125283901451e+00
3.022658903700660371e+00
2.740345062110962182e+00
2.489310029651384149e+00
2.265132256444535752e+00
2.064055201529360062e+00
1.882911345286296223e+00
1.719035922366946245e+00
1.570185507304345141e+00
1.434466744535352056e+00
1.310276188155578669e+00
1.196250455135839719e+00
1.091225304223816028e+00
9.942021740996924706e-01
9.043208415969199443e-01
8.208370535933494638e-01
7.431041832352140997e-01
6.705581383136788309e-01
6.027048997103148231e-01
5.391101910851047174e-01
4.793908804614481767e-01
4.232013015600837313e-01
3.702444491756785583e-01
3.202552643789881026e-01
2.729937476309536315e-01
2.282448179044054282e-01
1.858151971904948851e-01
1.455307453333883894e-01
1.072341720578223745e-01
7.078306611420703831e-02
3.604819200619546748e-02
5.429820038073684962e-03
2.873539451431406100e-02
5.899152380988315070e-02
8.794295672731078373e-02
1.156717925437399375e-01
1.422534252062598314e-01
1.677572100448233017e-01
1.922470529800378580e-01
2.157819324698825869e-01
2.384163629311852328e-01
2.602008071069498163e-01
2.811820437868216560e-01
3.014034963904719810e-01
3.209055271643477814e-01
3.397257010979195524e-01
3.578990231174074554e-01
3.754581516473334268e-01
3.924335912303107965e-01
4.088538665525716653e-01
4.247456799279795137e-01
4.401340540393651191e-01
4.550424615167166786e-01
4.694929427420120871e-01
4.835062131058440738e-01
4.971017607979459352e-01
5.102979360890929073e-01
5.231120329531089297e-01
5.355603637826197305e-01
5.476583278688650358e-01
5.594204742427740795e-01
5.708605594102003078e-01
5.819916004575809154e-01
5.928259239543192116e-01
6.033752110340158126e-01
6.136505389975815961e-01
6.236624197466070774e-01
6.334208353245689427e-01
6.429352708160889218e-01
6.522147448300723571e-01
6.612678377708058886e-01
6.701027180816729878e-01
6.787271666287664207e-01
6.871485993761219380e-01
6.953740884903450992e-01
7.034103819998669405e-01
7.112639221228085340e-01
7.189408623672890464e-01
7.264470834988806525e-01
7.337882084616633716e-01
7.409696163318890694e-01
7.479964553765323654e-01
7.548736552829036217e-01
7.616059386199789394e-01
7.681978315870928720e-01
7.746536741010774385e-01
7.809776292688069832e-01
7.871736922883316723e-01
7.932456988183635982e-01
7.991973328527437470e-01
8.050321341336694747e-01
8.107535051348639943e-01
8.163647176434670749e-01
